size=[25,5,25]
path_width=0.6
path_height=0.01
path_points=[2.04674,0,-0.433058];[1.86922,0,3.5486];[3.84736,0,6.36365];[7.87974,0,8.9251];[15.3866,0,9.02655];[20.5855,0,11.4866];[18.6581,0,16.9138];[14.1439,0,16.787];[10.9991,0,12.7039];[7.195,0,12.6532];[4.55747,0,15.7979];[4.93788,0,18.8666];[7.37252,0,21.3519];[12.0389,0,21.3012];[12.1911,0,19.7288];[10.4919,0,17.9789];[8.05727,0,18.4608];[6.33273,0,17.421];[7.44861,0,15.7725];[9.93397,0,15.1892];[11.3288,0,16.3305];[12.9266,0,18.7144];[15.488,0,20.0332];[18.9371,0,19.7796];[20.8899,0,16.9391];[21.6507,0,12.4503];[21.6,0,7.07376];[19.0132,0,4.63912];[15.8684,0,3.82757];[12.0389,0,4.63912];[8.74201,0,5.98324];[6.51025,0,3.87829];[5.14077,0,2.48344];[4.2785,0,-0.154088]
path_material=stone
path_base_width=0.61
path_base_height=0.005
path_base_material=wood
ground_material=grass
wall_material=rock
music=9
