size=[25,5,25]
path_width=0.6
path_height=0.01
path_points=[11.0317,0,-0.0595236];[11.1508,0,3.1746];[13.5158,0,3.28254];[13.5584,0,1.27945];[11.0794,0,1.44992];[11.1717,0,3.22572];[13.4731,0,3.25413];[13.5868,0,1.59909];[10.9657,0,1.37889];[11.0723,0,3.1831];[13.5939,0,3.20441];[13.5442,0,1.35758];[11.0438,0,1.45703];[11.1362,0,3.1831];[13.5584,0,3.23282];[13.53,0,1.43572];[10.845,0,1.4073];[10.9231,0,3.19731];[13.5087,0,3.26834];[13.5015,0,1.28655];[10.9799,0,1.43572];[10.9941,0,3.22572];[13.4944,0,3.29675];[13.5442,0,1.37179];[10.9302,0,1.41441];[10.987,0,3.23992];[13.5229,0,3.29675];[13.5584,0,1.28655];[10.8023,0,1.38599];[10.9941,0,3.33227];[13.5726,0,3.31806];[13.5015,0,1.38599];[11.122,0,1.44282];[11.0581,0,3.38199];[13.6223,0,3.37488];[13.4944,0,1.3931];[10.9586,0,1.4073];[11.0723,0,3.34647];[13.5442,0,3.32516];[13.5442,0,1.38599];[11.0154,0,1.46413];[11.1504,0,3.25413];[13.4589,0,3.31096];[13.4731,0,1.38599];[11.0367,0,1.37889];[11.1433,0,3.1902];[13.5797,0,3.21861];[13.466,0,1.48544];[10.8876,0,1.37889];[10.9373,0,3.24703];[13.5442,0,3.29675];[13.53,0,1.35758];[11.0723,0,1.4002];[11.0652,0,3.36068];[13.6436,0,3.31806];[13.4944,0,1.50675];[10.9586,0,1.35758];[10.9799,0,3.25413];[13.4873,0,3.28254];[13.4873,0,1.30076];[10.9728,0,1.37889];[11.1078,0,3.30385];[13.5442,0,3.29675];[13.5158,0,1.35758];[10.8876,0,1.41441];[11.0723,0,3.32516];[13.5442,0,3.28965];[13.4589,0,1.34337];[10.9302,0,1.51385];[10.8805,0,3.26834];[13.4873,0,3.28254];[13.4731,0,1.34337];[10.8734,0,1.37889];[11.0296,0,3.26834];[13.5655,0,3.24703];[13.4518,0,1.46413];[10.8876,0,1.44282];[11.0367,0,3.23992];[13.5087,0,3.31096];[13.5087,0,1.34337];[10.845,0,1.45703];[11.0652,0,3.27544];[13.5584,0,3.23282];[13.5371,0,1.44992];[10.9657,0,1.4002];[11.0581,0,3.23992];[13.5229,0,3.22572];[13.4873,0,1.30786];[10.916,0,1.44992];[11.051,0,3.1902];[13.5087,0,3.30385];[13.5015,0,1.48544];[11.051,0,1.52095];[11.0225,0,3.21151];[13.4447,0,3.33937];[13.4802,0,1.36468];[11.0367,0,1.46413];[11.0428,0,21.6292];[3.59048,0,21.2134];[1.22365,0,17.0875];[7.14072,0,13.4413];[10.9788,0,14.7526];[13.3776,0,16.1599];[16.8959,0,13.7931];[12.674,0,15.0725];[15.8404,0,16.032];[9.57151,0,16.2239];[9.95532,0,15.5522];[16.8959,0,16.5757];[6.14921,0,17.8551];[19.2627,0,18.7506];[7.14072,0,12.5137];[18.719,0,12.1939];[10.2752,0,19.6462];[5.09373,0,14.8806];[3.91032,0,13.1534];[17.2157,0,21.1494];[20.9259,0,25.2114];[21.0538,0,15.968];[17.0558,0,10.051];[5.38159,0,15.0085];[6.11723,0,10.4348];[16.4481,0,17.5672];[20.702,0,20.062];[21.0858,0,13.953];[18.1752,0,10.1789];[5.12572,0,20.6377];[4.58199,0,15.6162];[11.3626,0,11.97];[18.591,0,12.0659];[17.9513,0,17.3433];[13.6015,0,20.4778];[13.8574,0,25.0195]
path_material=fire
path_base_width=0.61
path_base_height=0.005
path_base_material=wood
ground_material=grass
wall_material=rock
music=9
