size=[25,5,25]
path_width=0.6
path_height=0.01
path_points=[2.40575,0,-0.0248003];[2.50496,0,21.4286];[20.9325,0,21.7262];[20.8581,0,16.0218];[14.8313,0,16.1954];[14.9554,0,23.9087];[22.7679,0,24.0575];[22.1974,0,3.81944];[16.3938,0,3.69544];[16.0962,0,8.70536];[24.6032,0,8.23413];[24.1567,0,1.66171];[0.148809,0,1.66171]
path_material=gold
path_base_width=0.61
path_base_height=0.005
path_base_material=rock
ground_material=wood
wall_material=wood
music=12
