size=[25,5,25]
path_width=0.6
path_height=0.01
path_points=[1.05032,0,-0.0568419];[1.15834,0,1.5904];[1.13133,0,2.9676];[1.23935,0,4.23679];[1.32036,0,5.37095];[1.37437,0,6.10006];[1.40137,0,6.88318];[1.37437,0,8.15236];[1.37437,0,8.96248];[1.32036,0,10.2857];[1.42838,0,11.6899];[1.5634,0,12.5];[1.86044,0,13.4991];[2.2385,0,14.2553];[2.69756,0,14.9304];[3.37266,0,15.7405];[4.15578,0,16.3886];[4.88488,0,16.7396];[5.77601,0,17.0907];[6.55913,0,17.3067];[7.7473,0,17.6308];[8.77345,0,17.8738];[9.85361,0,18.0628];[11.0418,0,18.1438];[12.0949,0,18.0088];[13.2021,0,17.6848];[14.2823,0,17.0907];[15.2004,0,16.3886];[15.9025,0,15.4164];[16.1995,0,14.5523];[16.4696,0,13.2021];[16.6586,0,11.9869];[16.6856,0,10.7987];[16.4966,0,9.55657];[16.1725,0,8.58442];[15.6865,0,7.6933];[15.0114,0,7.09921];[14.2012,0,6.64014];[13.1211,0,6.20808];[12.203,0,5.88403];[10.2587,0,5.55998];[8.74645,0,5.58699];[8.12536,0,5.91103];[7.45026,0,6.39711];[6.69415,0,6.99119];[5.31695,0,8.34139];[4.42582,0,9.7996];[3.88574,0,10.8258];[3.34566,0,12.365];[3.02161,0,13.4181];[2.72457,0,14.6603];[2.77857,0,15.5785];[2.9676,0,16.6316];[3.37266,0,17.7928];[3.93974,0,18.7649];[4.74986,0,19.8721];[5.42496,0,20.6282];[6.47812,0,21.6003];[7.80131,0,22.3834];[10.1507,0,23.1936];[11.7169,0,23.3016];[12.8781,0,23.3016];[14.3363,0,23.0045];[15.6325,0,22.4645];[17.1987,0,21.3303];[18.6299,0,20.1961];[20.0611,0,18.9539];[21.3843,0,17.5767];[22.3024,0,16.3076];[22.9775,0,15.0114];[23.3016,0,14.1472];[23.7066,0,12.9861];[24.3277,0,10.8798];[24.4357,0,9.34054];[24.6248,0,7.77431];[24.7598,0,6.04605];[24.8408,0,3.48068];[24.8408,0,2.75157];[24.9488,0,0.996313];[24.9758,0,-0.353885]
path_material=ice
path_base_width=0.61
path_base_height=0.005
path_base_material=wood
ground_material=snow
wall_material=ice
music=9
