size=[25,5,25]
path_width=0.6
path_height=0.01
path_points=[4.67584,0,-0.0132093];[4.62131,0,0.613814];[4.62131,0,1.2681];[4.67584,0,1.81334];[4.75762,0,2.38584];[4.94845,0,3.01286];[5.19381,0,3.47631];[5.33012,0,3.61262];[5.82083,0,3.80346];[6.82953,0,3.96703];[7.45655,0,3.96703];[8.21988,0,3.80346];[8.95595,0,3.72167];[10.0737,0,3.63988];[11.4368,0,3.93976];[12.1729,0,4.51226];[12.5273,0,5.0575];[12.6363,0,5.76631];[12.6908,0,5.98441];[12.4455,0,6.52964];[11.9275,0,6.74774];[11.4368,0,6.775];[10.5917,0,6.74774];[9.11952,0,6.61143];[7.86548,0,6.44786];[6.66595,0,6.82953];[6.06619,0,7.48381];[5.79357,0,8.54702];[5.71179,0,10.0192];[6.12072,0,11.2732];[6.9931,0,12.2001];[8.08357,0,12.5818];[9.20131,0,12.5273];[9.77381,0,12.0638];[10.0192,0,11.0824];[9.6375,0,10.21];[9.50119,0,9.20131];[10.319,0,8.51976];[11.4095,0,8.24714];[12.5818,0,8.19262];[13.9721,0,8.16536];[15.1717,0,7.92];[15.9077,0,7.07488];[17.08,0,6.17524];[18.1977,0,6.25703];[18.9338,0,6.55691];[19.6971,0,7.12941];[20.2424,0,8.32893];[20.2696,0,10.4554];[19.479,0,12.2001];[18.9065,0,12.9089];[17.8979,0,13.6995];[16.562,0,14.1085];[14.7355,0,15.1989];[13.9176,0,15.6624];[13.1543,0,16.0986];[12.1456,0,16.1258];[11.246,0,16.1258];[10.4008,0,15.9623];[9.61024,0,15.7987];[8.08357,0,15.5261];[7.04762,0,15.5806];[5.95715,0,16.2349];[5.0575,0,17.4071];[4.78488,0,18.225];[4.94845,0,18.8248];[5.41191,0,19.6699];[6.2025,0,20.1879];[7.37476,0,20.6513];[8.51976,0,20.7058];[9.33762,0,20.4332];[10.6735,0,20.1061];[12.7999,0,19.888];[13.5087,0,19.997];[14.2448,0,20.1879];[15.308,0,20.4605];[15.9895,0,20.4877];[17.2163,0,19.9698];[18.0887,0,18.9065];[19.0156,0,17.8979];[19.5063,0,17.6798];[20.515,0,17.6798];[21.3329,0,17.9251];[21.9599,0,18.6067];[22.0144,0,19.261];[21.4419,0,19.9425];[20.7058,0,20.4605];[19.5608,0,21.6055];[19.3155,0,22.5324];[19.4518,0,23.6501];[19.4245,0,24.8769]
path_material=ice
path_base_width=0.61
path_base_height=0.005
path_base_material=rock
ground_material=grass
wall_material=rock
music=9
