size=[25,5,25]
path_width=0.6
path_height=0.01
path_points=[0.39341,0,0.312776];[0.204816,0,24.7492];[24.9915,0,24.857];[24.8568,0,0.0972395];[1.04002,0,0.178067];[0.79754,0,24.2373];[24.2641,0,24.3182];[24.1563,0,0.743851];[1.68663,0,0.770792];[1.47109,0,23.5907];[23.5905,0,23.6716];[23.5366,0,1.36352];[2.33324,0,1.47129];[2.09076,0,23.0249];[22.9439,0,23.1327];[22.8362,0,2.06401];[3.08762,0,2.19872];[2.65654,0,22.4592];[22.2973,0,22.513];[22.1895,0,2.68368];[3.70728,0,2.87227];[3.35704,0,21.7856];[21.6238,0,21.8395];[21.4621,0,3.35723];[4.38084,0,3.465];[4.08447,0,21.139];[20.9248,0,21.2707];[20.7901,0,4.00086];[4.9751,0,4.13557];[4.96926,0,9.92812];[6.61273,0,9.90118];[6.58578,0,11.8679];[4.91537,0,11.9488];[4.78067,0,20.4625];[20.2993,0,20.678];[20.0568,0,4.67442];[5.72364,0,4.88995];[5.64281,0,9.20068];[7.3671,0,9.20068];[7.23239,0,12.2451];[5.56198,0,12.5146];[5.37339,0,19.7081];[19.5988,0,19.9775];[19.3563,0,5.32102];[6.37025,0,5.50962];[6.39719,0,8.47325];[8.09454,0,8.4463];[7.79818,0,12.784];[6.10083,0,13.0265];[6.04694,0,19.0076];[18.9253,0,19.2501];[18.6019,0,5.96763];[7.12463,0,6.15623];[7.09768,0,7.7997];[8.76809,0,7.7997];[8.31008,0,13.2959];[6.72049,0,13.5653];[6.66661,0,18.3879];[18.1709,0,18.5765];[17.9445,0,6.5873];[7.76036,0,6.7759];[7.62565,0,7.31474];[9.45771,0,7.2878];[8.83804,0,13.6731];[7.2754,0,14.0233];[7.24846,0,17.7683];[17.5403,0,17.9299];[17.244,0,7.20697];[10.1043,0,7.44945];[9.5116,0,14.1311];[7.9759,0,14.5622];[7.9759,0,17.0678];[16.8668,0,17.2564];[16.5974,0,7.88052];[10.7509,0,8.09606];[10.0774,0,14.5622];[8.67639,0,15.0471];[8.64945,0,16.3942];[16.2202,0,16.5289];[15.8699,0,8.60796];[11.4245,0,8.76961];[10.7509,0,14.9663];[9.323,0,15.6129];[15.4927,0,15.8015];[15.3041,0,9.22762];[12.0172,0,9.36234];[11.3167,0,15.0471];[14.7653,0,15.1818];[14.6306,0,9.95506];[12.6908,0,9.982];[12.0172,0,14.3736];[14.0917,0,14.5622];[13.957,0,10.6286];[13.2296,0,10.6556];[12.7446,0,13.7539];[13.4182,0,13.8078];[13.526,0,11.383]
path_material=stone
path_base_width=0.61
path_base_height=0.005
path_base_material=wood
ground_material=grass
wall_material=rock
music=9
