size=[50,10,50]
path_width=0.6
path_height=0.01
path_points=[0.0830135,0,22.5775];[20.7895,0,21.9431];[21.4816,0,15.4254];[33.8248,0,15.4831];[33.8248,0,21.8854];[42.7649,0,21.8277];[42.2458,0,38.0353];[34.1708,0,37.4008];[34.0555,0,22.6929];[33.1326,0,22.6929];[33.3633,0,29.6719];[21.0779,0,28.9221];[21.0202,0,22.8082];[0.0253353,0,23.4427]
path_material=fire
path_base_width=0.61
path_base_height=0.005
path_base_material=metal
ground_material=rock
wall_material=fire
music=9
