size=[25,5,25]
path_width=0.6
path_height=0.01
path_points=[9.00794,0,0];[9.06746,0,0.615079];[11.6865,0,0.615079];[11.6865,0,1.32937];[9.06746,0,1.32937];[9.0873,0,2.04365];[11.9048,0,1.96429];[11.7659,0,2.63889];[9.12698,0,2.61905];[9.22619,0,3.29365];[11.8651,0,3.19444];[11.7659,0,3.82936];[9.12698,0,3.76984];[9.12698,0,4.38492];[11.8651,0,4.50397];[11.8452,0,5.05952];[9.14682,0,4.88095];[9.20635,0,5.47619];[12.004,0,5.61508];[11.9246,0,6.21032];[9.0873,0,6.03175];[9.12698,0,6.5873];[12.0238,0,6.70635];[11.9246,0,7.48016];[9.10714,0,7.22222];[9.20635,0,7.85714];[11.9444,0,8.03571];[11.7857,0,8.59127];[9.10714,0,8.37302];[9.22619,0,9.12698];[11.7262,0,9.20635];[11.746,0,9.78175];[8.86905,0,9.84127];[9.14682,0,10.4563];[11.7857,0,10.3571];[11.9048,0,11.0119];[8.94841,0,11.0516];[9.00794,0,11.6865];[12.004,0,11.5675];[12.004,0,12.381];[8.88889,0,12.2222];[8.92857,0,12.8968];[12.0238,0,12.9365];[11.8651,0,13.6905];[8.88889,0,13.5516];[8.86905,0,14.2262];[11.746,0,14.2262];[11.6468,0,14.7421];[8.84921,0,14.7619];[9.04762,0,15.4365];[11.7659,0,15.3571];[11.7262,0,15.9921];[9.10714,0,16.0516];[9.20635,0,16.5873];[11.8254,0,16.6468];[11.7659,0,17.1825];[9.18651,0,17.2222];[9.28572,0,17.7778];[11.8651,0,17.7976];[11.5476,0,18.4921];[9.44444,0,18.4127];[9.40476,0,19.127];[11.9841,0,19.0873];[11.8651,0,19.623];[9.24603,0,19.4841];[9.26587,0,19.9008];[11.746,0,20.119];[11.7063,0,20.7937];[9.3254,0,20.6349];[9.30556,0,21.3492];[11.7659,0,21.3095];[11.8651,0,21.9444];[9.36508,0,21.9643];[9.4246,0,22.5595];[11.8254,0,22.619];[11.8254,0,23.3135];[9.34524,0,23.2738];[9.4246,0,23.7698];[11.9048,0,23.8492];[11.9246,0,24.4643];[9.48413,0,24.2857];[9.52381,0,24.9405]
path_material=ice
path_base_width=0.61
path_base_height=0.005
path_base_material=rock
ground_material=grass
wall_material=rock
music=9
